0, 3, 4, 5, 8, 9, 12, 19, 20, 22, 24, 26, 29, 34, 35, 38, 39, 42, 45,
50, 51, 52, 54, 55, 56, 60, 61, 62, 63, 64, 65, 70, 71, 72, 73, 74,
75, 79, 80, 81, 82, 83, 84, 90, 91, 92, 93, 94, 95, 100, 101, 102,
103, 104, 105, 109, 110, 111, 112, 113, 114, 115, 116, 117, 120, 121,
122, 127, 128, 129, 133, 134, 135, 155, 157, 158, 161, 162, 167, 170,
172, 174, 176, 178, 183, 185, 187, 188, 189, 191, 192, 194, 195, 198,
199, 202, 204, 205, 206, 209, 210, 212, 213, 218, 219, 220, 221, 222,
223, 225, 227, 228, 229, 232, 233, 235, 237, 238, 239, 242, 243, 245,
248, 251, 252, 254, 255, 256, 257, 258, 259, 260, 261, 263, 266, 267,
269, 272, 273, 290, 293, 294, 297, 298, 304, 305, 306, 308, 309, 310,
312, 313, 315, 317, 320, 322, 323, 325, 327, 329, 331, 332, 334, 335,
337, 339, 341, 343, 344, 349, 350, 351, 352, 353, 354, 355, 356, 358,
360, 362, 364, 366, 369, 371, 373, 374, 377, 379, 381, 382, 383, 384,
385, 386, 387, 388, 390, 392, 394, 410, 411, 412, 414, 415, 416, 418,
419, 421, 426, 427, 428, 429, 433, 435, 436, 438, 439, 440, 441, 445,
447, 448, 449, 450, 451, 452, 456, 458, 459, 464, 465, 466, 467, 468,
469, 472, 475, 477, 478, 480, 483, 485, 486, 487, 490, 492, 493, 494,
495, 496, 497, 498, 499, 515, 516, 517, 519, 520, 521, 525, 526, 527,
528, 529, 530, 532, 533, 535, 536, 539, 540, 541, 542, 544, 545, 547,
549, 551, 552, 553, 555, 556, 558, 561, 562, 563, 567, 568, 569, 570,
571, 573, 574, 577, 578, 579, 581, 583, 585, 586, 588, 591, 592, 593,
594, 595, 596, 597, 598, 599, 600, 601, 602, 603, 604, 605, 608, 609,
613, 614, 615, 616, 619, 621, 623, 625, 626, 628, 629, 632, 633, 634,
637, 638, 639, 640, 641, 642, 643, 644, 645, 646, 647, 651, 652, 653,
654, 657, 659, 660, 662, 663, 664, 667, 668, 671, 672, 675, 677, 679,
680, 686, 687, 689, 690, 693, 694, 696, 698, 699, 701, 702, 704, 705,
709, 710, 711, 712, 714, 715, 716, 717, 718, 719, 720, 721, 723, 724,
727, 728, 729, 731, 732, 734, 735, 736, 741, 745, 748, 749, 752, 753,
755, 756, 757, 758, 761, 763, 765, 766, 768, 769, 771, 772, 775, 776,
777, 778, 779, 780, 781, 782, 783, 785, 786, 787, 788, 790, 792, 795,
801, 802, 804, 807, 808, 809, 812, 813, 815, 816, 818, 819, 821, 822,
824, 825, 826, 827, 829, 830, 831, 832, 833, 834, 836, 838, 840, 843,
847, 848, 853, 854, 855, 856, 859, 861, 862, 864, 865, 866, 869, 870,
873, 874, 877, 879, 881, 882, 887, 888, 891, 892, 893, 895, 896, 898,
899, 900, 905, 909, 912, 913, 915, 916, 917, 918, 920, 922, 925, 931,
932, 934, 936, 938, 940, 943, 947, 948, 951, 955, 962, 969, 972, 973,
974, 980, 981, 983, 987, 988, 990, 995, 997, 999, 1001, 1002, 1005,
1006, 1010, 1011, 1012, 1013, 1016, 1017, 1018, 1020, 1021, 1023,
1024, 1027, 1028, 1029, 1031, 1032, 1033, 1037, 1038, 1039, 1041,
1042, 1046, 1047, 1048, 1049, 1051, 1052, 1056, 1057, 1058, 1059,
1061, 1064, 1067, 1068, 1072, 1073, 1074, 1079, 1085, 1091, 1092,
1093, 1094, 1095, 1097, 1098, 1100, 1101, 1107, 1109, 1110, 1116,
1117, 1120, 1121, 1123, 1125, 1127, 1129, 1131, 1132, 1134, 1135,
1137, 1138, 1139, 1141, 1142, 1144, 1146, 1148, 1150, 1152, 1154,
1156, 1157, 1159, 1160, 1162, 1163, 1164, 1168, 1169, 1170, 1171,
1173, 1175, 1177, 1178, 1180, 1182, 1185, 1187, 1189, 1193, 1199,
1200, 1201, 1206, 1211, 1213, 1215, 1216, 1217, 1218, 1219, 1220,
1222, 1226, 1229, 1230, 1233, 1234, 1235, 1238, 1239, 1240, 1241,
1243, 1244, 1245, 1247, 1248, 1250, 1254, 1255, 1258, 1259, 1260,
1263, 1264, 1265, 1266, 1269, 1270, 1271, 1274, 1275, 1277, 1278,
1279, 1283, 1284, 1285, 1288, 1291, 1293, 1294, 1299, 1306, 1310,
1311, 1312, 1317, 1319, 1320, 1321, 1323, 1324, 1325, 1326, 1327,
1331, 1332, 1333, 1338, 1339, 1340, 1341, 1342, 1343, 1346, 1348,
1349, 1350, 1353, 1354, 1357, 1358, 1360, 1362, 1364, 1366, 1367,
1368, 1369, 1373, 1375, 1376, 1377, 1378, 1379, 1380, 1381, 1382,
1383, 1384, 1385, 1389, 1390, 1391, 1392, 1395, 1397, 1398, 1400,
1401, 1402, 1405, 1406, 1409, 1410, 1413, 1415, 1417, 1418, 1422,
1423, 1424, 1426, 1427, 1429, 1430, 1433, 1434, 1435, 1436, 1438,
1439, 1441, 1443, 1445, 1446, 1447, 1449, 1450, 1452, 1458, 1459,
1460, 1461, 1462, 1463, 1464, 1465, 1467, 1468, 1469, 1470, 1471,
1472, 1473, 1475, 1476, 1477, 1478, 1479, 1480, 1482, 1483, 1484,
1485, 1486, 1489, 1490, 1492, 1494, 1497, 1498, 1499, 1502, 1503,
1505, 1506, 1509, 1510, 1512, 1514, 1515, 1517, 1518, 1520, 1522,
1523, 1524, 1527, 1528, 1530, 1531, 1532, 1533, 1534, 1539, 1540,
1542, 1545, 1547, 1549, 1551, 1552, 1553, 1554, 1555, 1558, 1559,
1560, 1562, 1564, 1565, 1568, 1569, 1571, 1572, 1573, 1574, 1576,
1578, 1580, 1582, 1584, 1585, 1587, 1588, 1590, 1593, 1594, 1595,
1596, 1601, 1602, 1605, 1606, 1609, 1610, 1611, 1612, 1613, 1614,
1615, 1616, 1618, 1620, 1621, 1622, 1626, 1628, 1629, 1631, 1632,
1634, 1636, 1638, 1640, 1641, 1644, 1645, 1646, 1647, 1652, 1653,
1655, 1656, 1657, 1658, 1660, 1661, 1662, 1663, 1664, 1669, 1670,
1671, 1672, 1675, 1677, 1678, 1680, 1681, 1682, 1685, 1686, 1689,
1690, 1693, 1695, 1697, 1698, 1703, 1704, 1706, 1709, 1711, 1713,
1715, 1716, 1721, 1725, 1731, 1732, 1735, 1736, 1738, 1741, 1747,
1752, 1754, 1756, 1759, 1768, 1769, 1770, 1772, 1774, 1775, 1776,
1777, 1779, 1781, 1782, 1783, 1785, 1788, 1789, 1790, 1798, 1799,
1800, 1802, 1803, 1806, 1807, 1809, 1810, 1813, 1814, 1815, 1816,
1819, 1820, 1822, 1823, 1826, 1827, 1829, 1830, 1831, 1833, 1834,
1836, 1838, 1840, 1841, 1843, 1844, 1846, 1847, 1850, 1852, 1853,
1855, 1856, 1859, 1860, 1867, 1870, 1873, 1875, 1877, 1879, 1882,
1883, 1888, 1891, 1893, 1895, 1897, 1898, 1900, 1903, 1904, 1905,
1907, 1909, 1911, 1913, 1914, 1916, 1917, 1919, 1920, 1922, 1924,
1926, 1927, 1929, 1930, 1932, 1933, 1935, 1936, 1937, 1939, 1940,
1942, 1945, 1947, 1949, 1950, 1952, 1953, 1955, 1956, 1958, 1959,
1961, 1962, 1965, 1973, 1976, 1979, 1981, 1982, 1988, 1990, 1993,
1994, 1997, 1999, 2000, 2003, 2005, 2006, 2008, 2009, 2010, 2011,
2015, 2016, 2017, 2018, 2019, 2020, 2024, 2025, 2030, 2031, 2032,
2033, 2034, 2035, 2037, 2038, 2040, 2042, 2044, 2046, 2047, 2048,
2049, 2053, 2055, 2056, 2057, 2061, 2062, 2063, 2064, 2066, 2067,
2068, 2069, 2070, 2071, 2072, 2073, 2075, 2076, 2079, 2080, 2081,
2083, 2084, 2086, 2087, 2088, 2093, 2097, 2100, 2101, 2102, 2103,
2105, 2106, 2107, 2111, 2112, 2113, 2115, 2117, 2119, 2121, 2122,
2124, 2125, 2128, 2129, 2130, 2133, 2134, 2136, 2137, 2138, 2141,
2142, 2144, 2145, 2146, 2147, 2148, 2153, 2154, 2156, 2159, 2161,
2163, 2165, 2166, 2167, 2168, 2169, 2172, 2173, 2174, 2176, 2178,
2179, 2180, 2181, 2182, 2184, 2185, 2187, 2189, 2191, 2192, 2193,
2195, 2196, 2198, 2202, 2203, 2205, 2206, 2207, 2208, 2209, 2212,
2213, 2214, 2215, 2216, 2217, 2218, 2219, 2220, 2221, 2223, 2224,
2225, 2226, 2227, 2228, 2230, 2233, 2234, 2235, 2236, 2238, 2239,
2240, 2242, 2243, 2248, 2249, 2251, 2252, 2253, 2254, 2256, 2257,
2259, 2260, 2262, 2266, 2268, 2270, 2272, 2273, 2274, 2277, 2278,
2283, 2284, 2285, 2287, 2288, 2290, 2291, 2292, 2293, 2295, 2296,
2297, 2298, 2299, 2301, 2303, 2304, 2306, 2308, 2310, 2314, 2316,
2317, 2318, 2322, 2323, 2324, 2325, 2328, 2329, 2331, 2334, 2335,
2336, 2337, 2338, 2339, 2340, 2341, 2343, 2345, 2349, 2350, 2351,
2352, 2355, 2356, 2358, 2361, 2363, 2365, 2369, 2370, 2373, 2377,
2383, 2384, 2387, 2388, 2389, 2391, 2392, 2394, 2395, 2396, 2401,
2405, 2408, 2409, 2413, 2414, 2415, 2416, 2418, 2428, 2430, 2432,
2434, 2443, 2444, 2448, 2449, 2450, 2452, 2454, 2455, 2456, 2457,
2458, 2459, 2461, 2462, 2463, 2468, 2469, 2472, 2473, 2475, 2476,
2477, 2478, 2481, 2482, 2485, 2486, 2488, 2489, 2490, 2491, 2493,
2494, 2497, 2498, 2500, 2501, 2502, 2503, 2506, 2507, 2508, 2510,
2511, 2513, 2516, 2517, 2519, 2520, 2522, 2524, 2534, 2542, 2543,
2546, 2548, 2549, 2551, 2553, 2555, 2560, 2561, 2563, 2564, 2565,
2567, 2568, 2569, 2570, 2572, 2575, 2576, 2577, 2578, 2579, 2580,
2584, 2586, 2588, 2589, 2590, 2593, 2594, 2596, 2601, 2602, 2603,
2604, 2605, 2606, 2607, 2608, 2609, 2613, 2615, 2616, 2618, 2620,
2622, 2623, 2625, 2626, 2628, 2629, 2632, 2633, 2634, 2635, 2636,
2637, 2638, 2639, 2640, 2642, 2643, 2644, 2645, 2647, 2649, 2652,
2658, 2659, 2661, 2662, 2664, 2665, 2669, 2670, 2671, 2672, 2674,
2676, 2677, 2678, 2682, 2683, 2684, 2685, 2688, 2689, 2690, 2693,
2694, 2695, 2697, 2699, 2701, 2703, 2704, 2706, 2707, 2709, 2712,
2713, 2714, 2715, 2720, 2721, 2724, 2725, 2728, 2729, 2730, 2731,
2732, 2733, 2734, 2735, 2737, 2739, 2740, 2741, 2743, 2744, 2746,
2747, 2750, 2752, 2754, 2755, 2757, 2758, 2760, 2761, 2762, 2764,
2765, 2767, 2771, 2773, 2775, 2777, 2778, 2779, 2782, 2783, 2788,
2789, 2790, 2792, 2793, 2795, 2796, 2797, 2798, 2800, 2801, 2802,
2803, 2804, 2806, 2807, 2808, 2810, 2811, 2813, 2816, 2818, 2819,
2821, 2822, 2823, 2824, 2826, 2827, 2828, 2829, 2831, 2832, 2834,
2835, 2836, 2837, 2838, 2839, 2840, 2841, 2842, 2843, 2844, 2847,
2849, 2850, 2852, 2853, 2854, 2855, 2856, 2859, 2862, 2863, 2865,
2866, 2869, 2870, 2871, 2875, 2876, 2877, 2881, 2883, 2884, 2886,
2888, 2890, 2891, 2892, 2893, 2894, 2895, 2898, 2899, 2900, 2902,
2904, 2905, 2908, 2909, 2911, 2915, 2917, 2918, 2920, 2922, 2923,
2926, 2929, 2933, 2935, 2938, 2943, 2944, 2947, 2948, 2952, 2953,
2954, 2955, 2961, 2968, 2969, 2971, 2972, 2973, 2974, 2976, 2978,
2981, 2987, 2988, 2990, 2996, 2999, 3003, 3004, 3008, 3009, 3010,
3011, 3012, 3014, 3015, 3016, 3017, 3019, 3021, 3022, 3023, 3028,
3030, 3031, 3032, 3033, 3034, 3035, 3040, 3041, 3043, 3044, 3045,
3048, 3049, 3051, 3052, 3053, 3055, 3057, 3059, 3061, 3066, 3067,
3068, 3069, 3070, 3071, 3074, 3075, 3076, 3079, 3080, 3082, 3083,
3085, 3086, 3088, 3089, 3091, 3092, 3093, 3094, 3096, 3097, 3098,
3099, 3100, 3101, 3103, 3105, 3107, 3110, 3114, 3115, 3118, 3119,
3120, 3124, 3125, 3126, 3127, 3129, 3130, 3132, 3134, 3136, 3137,
3139, 3141, 3142, 3143, 3147, 3148, 3149, 3150, 3151, 3155, 3157,
3158, 3160, 3161, 3163, 3165, 3167, 3169, 3170, 3173, 3174, 3175,
3176, 3181, 3182, 3184, 3185, 3186, 3187, 3189, 3190, 3191, 3192,
3193, 3195, 3197, 3198, 3200, 3201, 3204, 3205, 3206, 3208, 3209,
3211, 3212, 3215, 3216, 3218, 3219, 3221, 3223, 3225, 3229, 3231,
3232, 3233, 3237, 3238, 3239, 3240, 3243, 3244, 3246, 3249, 3250,
3251, 3252, 3253, 3254, 3255, 3256, 3258, 3260, 3261, 3262, 3264,
3265, 3267, 3269, 3272, 3273, 3275, 3276, 3279, 3280, 3281, 3285,
3286, 3287, 3291, 3293, 3294, 3296, 3298, 3300, 3301, 3302, 3303,
3304, 3305, 3308, 3309, 3310, 3312, 3314, 3315, 3316, 3317, 3319,
3320, 3322, 3323, 3324, 3325, 3327, 3328, 3329, 3330, 3332, 3334,
3335, 3336, 3337, 3338, 3340, 3341, 3342, 3343, 3344, 3345, 3346,
3348, 3350, 3352, 3353, 3355, 3356, 3357, 3360, 3363, 3365, 3367,
3371, 3372, 3375, 3376, 3377, 3380, 3381, 3385, 3390, 3392, 3393,
3401, 3402, 3403, 3404, 3406, 3407, 3409, 3411, 3420, 3423, 3424,
3426, 3427, 3428, 3429, 3436, 3442, 3443, 3445, 3447, 3449, 3451,
3454, 3458, 3459, 3462, 3463, 3464, 3465, 3467, 3469, 3470, 3471,
3472, 3474, 3476, 3477, 3478, 3483, 3484, 3487, 3494, 3496, 3499,
3504, 3507, 3510, 3514, 3515, 3516, 3517, 3518, 3519, 3520, 3521,
3522, 3525, 3526, 3527, 3532, 3533, 3534, 3538, 3539, 3540, 3561,
3562, 3567, 3571, 3573, 3578, 3580, 3583, 3586, 3587, 3589, 3590,
3591, 3592, 3593, 3594, 3595, 3596, 3598, 3601, 3602, 3604, 3607,
3608, 3627, 3628, 3634, 3636, 3639, 3641, 3643, 3644, 3647, 3649,
3651, 3652, 3653, 3654, 3655, 3656, 3657, 3658, 3660, 3662, 3664,
3682, 3685, 3687, 3688, 3690, 3693, 3695, 3696, 3697, 3700, 3702,
3703, 3704, 3705, 3706, 3707, 3708, 3709, 3728, 3729, 3730, 3731,
3734, 3736, 3737, 3739, 3740, 3741, 3744, 3745, 3748, 3749, 3752,
3754, 3756, 3757, 3762, 3763, 3766, 3767, 3768, 3770, 3771, 3773,
3774, 3775, 3780, 3784, 3787, 3788, 3790, 3791, 3792, 3793, 3795,
3797, 3800, 3806, 3807, 3809, 3811, 3813, 3815, 3818, 3822, 3823,
3826, 3830, 3837, 3844, 3850, 3851, 3853, 3860, 3862, 3864, 3866,
3869, 3872, 3873, 3877, 3878, 3879, 3884, 3890, 3896, 3897, 3898,
3899, 3900, 3902, 3903, 3905, 3906, 3916, 3917, 3920, 3922, 3925,
3927, 3929, 3933, 3939, 3940, 3941, 3946, 3951, 3953, 3955, 3956,
3957, 3958, 3959, 3960, 3962, 3968, 3971, 3973, 3974, 3979, 3986,
3990, 3991, 3992, 3997, 3999, 4000, 4001, 4003, 4004, 4005, 4006,
4007, 4014, 4015, 4016, 4017, 4020, 4022, 4023, 4025, 4026, 4027,
4030, 4031, 4034, 4035, 4038, 4040, 4042, 4043, 4048, 4049, 4051,
4054, 4056, 4058, 4060, 4061, 4066, 4070, 4076, 4077, 4080, 4081,
4083, 4086, 4092, 4097, 4099, 4101, 4104, 4113, 4114, 4115, 4117,
4119, 4120, 4121, 4122, 4124, 4126, 4127, 4128, 4130, 4138, 4139,
4140, 4147, 4150, 4153, 4155, 4157, 4159, 4162, 4163, 4168, 4171,
4173, 4175, 4177, 4178, 4180, 4183, 4184, 4185, 4193, 4196, 4199,
4201, 4202, 4208, 4210, 4213, 4214, 4217, 4219, 4220, 4223, 4225,
4226, 4228, 4229, 4230, 4234, 4235, 4236, 4237, 4240, 4241, 4243,
4246, 4248, 4250, 4254, 4255, 4258, 4262, 4268, 4269, 4272, 4273,
4274, 4276, 4277, 4279, 4280, 4281, 4286, 4290, 4293, 4294, 4298,
4299, 4300, 4301, 4303, 4313, 4315, 4317, 4319, 4328, 4329, 4333,
4334, 4335, 4337, 4339, 4340, 4341, 4342, 4343, 4344, 4346, 4347,
4348, 4359, 4367, 4368, 4371, 4373, 4374, 4376, 4378, 4380, 4385,
4386, 4388, 4389, 4390, 4392, 4393, 4394, 4395, 4398, 4399, 4401,
4405, 4407, 4408, 4410, 4412, 4413, 4416, 4419, 4423, 4425, 4428,
4433, 4434, 4437, 4438, 4442, 4443, 4444, 4445, 4451, 4458, 4459,
4461, 4462, 4463, 4464, 4466, 4468, 4471, 4477, 4478, 4480, 4486,
4489, 4493, 4494, 4498, 4499, 4500, 4501, 4502, 4504, 4505, 4506,
4507, 4509, 4511, 4512, 4513, 4518, 4520, 4522, 4526, 4527, 4530,
4531, 4532, 4535, 4536, 4540, 4545, 4547, 4548, 4556, 4557, 4558,
4559, 4561, 4562, 4564, 4566, 4575, 4578, 4579, 4581, 4582, 4583,
4584, 4591, 4597, 4598, 4600, 4602, 4604, 4606, 4609, 4613, 4614,
4617, 4618, 4619, 4620, 4622, 4624, 4625, 4626, 4627, 4629, 4631,
4632, 4633, 4637, 4638, 4640, 4643, 4645, 4647, 4649, 4650, 4651,
4652, 4653, 4655, 4659, 4665, 4666, 4669, 4670, 4672, 4675, 4676,
4677, 4678, 4681, 4686, 4688, 4690, 4693, 4694, 4695, 4696, 4701,
4705, 4712, 4719, 4723, 4724, 4725, 4726, 4728, 4732, 4735, 4738,
4739, 4740, 4742, 4744, 4748, 4751, 4753, 4754, 4755, 4757, 4761,
4768, 4775, 4780, 4781, 4784, 4787, 4788, 4789, 4790, 4792, 4796,
4803, 4810, 4812, 4816, 4823, 4830, 4831, 4832, 4833, 4834, 4835,
4836, 4837, 4838, 4839, 4840, 4841, 4842, 4843, 4844, 4845, 4852,
4853, 4854, 4856, 4857, 4859, 4867, 4868, 4870, 4871, 4873, 4875,
4877, 4878, 4881, 4882, 4886, 4887, 4888, 4889, 4891, 4894, 4896,
4897, 4898, 4901, 4902, 4907, 4908, 4909, 4910, 4911, 4912, 4917,
4918, 4921, 4927, 4928, 4931, 4938, 4939, 4941, 4942, 4945, 4946,
4947, 4951, 4952, 4953, 4956, 4957, 4958, 4959, 4962, 4963, 4964,
4965, 4967, 4968, 4969, 4970, 4971, 4973, 4974, 4976, 4977, 4987,
4989, 4990, 4992, 4993, 4996, 4997, 4999, 5001, 5003, 5005, 5007,
5008, 5010, 5012, 5014, 5015, 5017, 5019, 5021, 5023, 5026, 5028,
5031, 5038, 5039, 5040, 5041, 5042, 5043, 5047, 5049, 5052, 5057,
5059, 5060, 5062, 5064, 5066, 5068, 5070, 5071, 5073, 5074, 5078,
5079, 5080, 5081, 5083, 5084, 5086, 5087, 5089, 5091, 5092, 5093,
5094, 5095, 5096, 5098, 5102, 5105, 5106, 5109, 5110, 5111, 5114,
5115, 5118, 5119, 5120, 5121, 5125, 5127, 5128, 5131, 5134, 5137,
5142, 5145, 5148, 5153, 5154, 5155, 5156, 5157, 5158, 5162, 5163,
5165, 5166, 5168, 5172, 5173, 5174, 5177, 5178, 5179, 5180, 5181,
5184, 5185, 5189, 5190, 5191, 5193, 5195, 5196, 5197, 5199, 5200,
5201, 5202, 5203, 5207, 5208, 5209, 5211, 5212, 5213, 5214, 5215,
5216, 5217, 5218, 5219, 5224, 5225, 5227, 5228, 5229, 5230, 5234,
5236, 5237, 5239, 5240, 5242, 5244, 5245, 5247, 5248, 5251, 5252,
5253, 5254, 5255, 5256, 5257, 5258, 5259, 5260, 5261, 5264, 5267,
5268, 5272, 5274, 5276, 5279, 5281, 5282, 5285, 5286, 5289, 5291,
5293, 5294, 5302, 5303, 5305, 5306, 5307, 5308, 5312, 5314, 5315,
5317, 5318, 5320, 5322, 5323, 5325, 5326, 5329, 5330, 5331, 5332,
5333, 5334, 5335, 5336, 5337, 5338, 5339, 5342, 5345, 5346, 5350,
5352, 5354, 5357, 5359, 5360, 5363, 5364, 5367, 5369, 5371, 5372,
5377, 5378, 5379, 5381, 5382, 5384, 5387, 5388, 5390, 5391, 5393,
5395, 5398, 5399, 5401, 5402, 5403, 5404, 5405, 5406, 5407, 5408,
5409, 5410, 5415, 5416, 5418, 5421, 5423, 5425, 5427, 5428, 5433,
5437, 5442, 5444, 5445, 5447, 5448, 5451, 5452, 5454, 5455, 5457,
5458, 5459, 5460, 5461, 5463, 5464, 5466, 5469, 5470, 5471, 5472,
5477, 5478, 5481, 5482, 5484, 5487, 5493, 5497, 5498, 5500, 5501,
5503, 5504, 5505, 5507, 5508, 5510, 5512, 5514, 5516, 5517, 5520,
5521, 5522, 5523, 5528, 5530, 5532, 5535, 5542, 5543, 5545, 5546,
5549, 5550, 5551, 5553, 5555, 5557, 5558, 5560, 5563, 5564, 5567,
5568, 5570, 5572, 5575, 5576, 5577, 5579, 5580, 5583, 5584, 5585,
5587, 5588, 5590, 5591, 5592, 5593, 5594, 5595, 5598, 5599, 5600,
5602, 5604, 5605, 5607, 5608, 5609, 5610, 5612, 5615, 5616, 5617,
5618, 5619, 5620, 5621, 5622, 5624, 5626, 5628, 5629, 5631, 5632,
5633, 5634, 5636, 5637, 5638, 5639, 5640, 5644, 5645, 5646, 5648,
5650, 5651, 5652, 5653, 5655, 5657, 5658, 5659, 5661, 5668, 5669,
5670, 5674, 5675, 5676, 5678, 5679, 5682, 5683, 5685, 5686, 5689,
5690, 5695, 5696, 5701, 5704, 5706, 5707, 5709, 5711, 5713, 5715,
5717, 5719, 5720, 5721, 5724, 5725, 5728, 5729, 5734, 5737, 5738,
5740, 5741, 5744, 5745, 5747, 5748, 5750, 5752, 5754, 5756, 5757,
5760, 5761, 5762, 5765, 5766, 5767, 5769, 5771, 5773, 5774, 5776,
5779, 5780, 5781, 5783, 5785, 5787, 5789, 5790, 5792, 5793, 5795,
5800, 5802, 5807, 5810, 5811, 5812, 5813, 5817, 5819, 5820, 5823,
5825, 5830, 5832, 5834, 5835, 5836, 5839, 5840, 5842, 5844, 5845,
5847, 5848, 5850, 5851, 5853, 5854, 5856, 5859, 5860, 5862, 5863,
5865, 5867, 5868, 5871, 5873, 5875, 5876, 5879, 5881, 5882, 5884,
5885, 5886, 5887, 5892, 5893, 5895, 5896, 5897, 5898, 5900, 5901,
5902, 5904, 5905, 5906, 5907, 5908, 5909, 5910, 5911, 5913, 5916,
5917, 5918, 5921, 5922, 5923, 5925, 5927, 5929, 5930, 5932, 5933,
5936, 5937, 5938, 5942, 5943, 5944, 5945, 5946, 5947, 5948, 5949,
5952, 5954, 5956, 5959, 5961, 5962, 5963, 5964, 5969, 5973, 5976,
5977, 5982, 5983, 5985, 5986, 5987, 5988, 5991, 5992, 5993, 5995,
5996, 5998, 6001, 6002, 6004, 6005, 6007, 6009, 6012, 6013, 6014,
6017, 6018, 6020, 6021, 6023, 6024, 6025, 6026, 6027, 6029, 6030,
6032, 6035, 6037, 6039, 6043, 6044, 6047, 6051, 6057, 6060, 6061,
6062, 6065, 6066, 6067, 6069, 6071, 6073, 6074, 6076, 6077, 6080,
6081, 6082, 6086, 6087, 6088, 6089, 6090, 6091, 6092, 6093, 6096,
6098, 6100, 6103, 6105, 6106, 6107, 6108, 6113, 6117, 6120, 6121,
6123, 6124, 6125, 6129, 6130, 6131, 6132, 6133, 6135, 6136, 6138,
6142, 6143, 6144, 6145, 6147, 6148, 6149, 6150, 6153, 6154, 6159,
6160, 6161, 6162, 6164, 6174, 6176, 6177, 6179, 6180, 6182, 6184,
6186, 6188, 6189, 6190, 6191, 6193, 6194, 6198, 6199, 6200, 6201,
6204, 6205, 6208, 6210, 6219, 6220, 6222, 6223, 6227, 6228, 6229,
6231, 6233, 6234, 6236, 6237, 6238, 6241, 6242, 6243, 6244, 6245,
6246, 6247, 6250, 6251, 6252, 6254, 6256, 6257, 6258, 6259, 6261,
6263, 6265, 6266, 6268, 6273, 6274, 6275, 6276, 6278, 6279, 6280,
6282, 6283, 6287, 6288, 6289, 6290, 6293, 6294, 6296, 6297, 6298,
6299, 6301, 6302, 6303, 6304, 6305, 6307, 6310, 6311, 6312, 6313,
6314, 6315, 6316, 6317, 6319, 6321, 6324, 6325, 6326, 6328, 6330,
6331, 6332, 6333, 6334, 6335, 6337, 6338, 6339, 6344, 6345, 6348,
6349, 6351, 6352, 6353, 6354, 6361, 6362, 6368, 6373, 6374, 6380,
6381, 6382, 6383, 6384, 6388, 6390, 6391, 6392, 6393, 6395, 6397,
6399, 6401, 6403, 6404, 6406, 6407, 6408, 6409, 6411, 6412, 6414,
6415, 6416, 6417, 6420, 6421, 6423, 6426, 6428, 6430, 6436, 6437,
6439, 6440, 6441, 6443, 6444, 6445, 6446, 6448, 6451, 6453, 6454,
6456, 6457, 6459, 6460, 6462, 6465, 6466, 6467, 6470, 6471, 6472,
6473, 6474, 6476, 6477, 6478, 6479, 6480, 6481, 6482, 6483, 6484,
6488, 6489, 6490, 6491, 6494, 6496, 6497, 6498, 6502, 6504, 6507,
6508, 6510, 6511, 6512, 6513, 6514, 6515, 6516, 6519, 6521, 6522,
6523, 6525, 6528, 6534, 6535, 6537, 6540, 6541, 6542, 6544, 6545,
6547, 6552, 6554, 6555, 6557, 6558, 6560, 6561, 6563, 6564, 6566,
6567, 6570, 6571, 6573, 6575, 6577, 6579, 6580, 6582, 6583, 6585,
6588, 6589, 6591, 6592, 6593, 6594, 6596, 6597, 6600, 6603, 6607,
6609, 6612, 6617, 6620, 6621, 6622, 6625, 6626, 6628, 6629, 6630,
6634, 6635, 6636, 6637, 6638, 6640, 6641, 6643, 6647, 6649, 6651,
6653, 6654, 6655, 6656, 6657, 6659, 6660, 6664, 6665, 6666, 6667,
6673, 6680, 6681, 6682, 6683, 6687, 6688, 6689, 6690, 6693, 6695,
6696, 6697, 6701, 6703, 6706, 6707, 6709, 6710, 6711, 6712, 6713,
6714, 6715, 6718, 6720, 6721, 6722, 6724, 6727, 6733, 6734, 6736,
6738, 6739, 6741, 6742, 6745, 6746, 6747, 6751, 6752, 6753, 6755,
6756, 6757, 6758, 6759, 6762, 6764, 6766, 6772, 6775, 6779, 6780,
6782, 6785, 6786, 6787, 6788, 6790, 6794, 6795, 6796, 6797, 6798,
6801, 6802, 6803, 6806, 6807, 6808, 6809, 6810, 6811, 6812, 6813,
6815, 6817, 6818, 6820, 6821, 6824, 6825, 6827, 6828, 6830, 6832,
6833, 6835, 6836, 6837, 6838, 6840, 6841, 6842, 6843, 6844, 6846,
6847, 6849, 6853, 6855, 6856, 6858, 6859, 6860, 6861, 6862, 6865,
6867, 6868, 6869, 6870, 6871, 6874, 6875, 6876, 6878, 6880, 6881,
6884, 6885, 6886, 6887, 6888, 6890, 6891, 6892, 6893, 6895, 6897,
6898, 6899, 6904, 6906, 6907, 6909, 6910, 6913, 6914, 6916, 6917,
6919, 6921, 6923, 6924, 6926, 6927, 6928, 6929, 6933, 6934, 6935,
6936, 6938, 6939, 6940, 6942, 6943, 6944, 6945, 6946, 6947, 6950,
6951, 6952, 6953, 6958, 6959, 6962, 6963, 6965, 6967, 6969, 6971,
6972, 6973, 6974, 6975, 6976, 6977, 6979, 6981, 6983, 6986, 6990,
6991, 6995, 6996, 6998, 6999, 7001, 7003, 7006, 7008, 7009, 7011,
7012, 7015, 7017, 7018, 7020, 7021, 7024, 7025, 7026, 7027, 7031,
7033, 7034, 7036, 7037, 7039, 7041, 7043, 7045, 7046, 7049, 7050,
7051, 7053, 7054, 7055, 7059, 7064, 7066, 7067, 7073, 7074, 7075,
7079, 7080, 7081, 7082, 7084, 7086, 7088, 7089, 7091, 7092, 7094,
7095, 7097, 7099, 7101, 7105, 7107, 7108, 7109, 7113, 7114, 7115,
7116, 7117, 7118, 7119, 7121, 7123, 7132, 7135, 7136, 7137, 7138,
7142, 7143, 7144, 7145, 7148, 7149, 7151, 7152, 7155, 7156, 7157,
7161, 7162, 7163, 7167, 7169, 7170, 7171, 7172, 7173, 7174, 7175,
7182, 7188, 7189, 7191, 7194, 7195, 7196, 7197, 7202, 7203, 7206,
7207, 7209, 7211, 7213, 7215, 7216, 7217, 7218, 7219, 7220, 7221,
7223, 7225, 7227, 7230, 7234, 7235, 7238, 7240, 7241, 7242, 7243,
7245, 7246, 7248, 7249, 7251, 7255, 7256, 7257, 7259, 7260, 7262,
7263, 7264, 7265, 7267, 7268, 7269, 7270, 7271, 7273, 7274, 7275,
7278, 7279, 7281, 7282, 7285, 7286, 7289, 7290, 7291, 7292, 7293,
7294, 7295, 7296, 7298, 7300, 7301, 7303, 7305, 7307, 7308, 7309,
7310, 7311, 7314, 7315, 7316, 7318, 7320, 7321, 7322, 7324, 7326,
7328, 7329, 7331, 7332, 7333, 7336, 7338, 7339, 7340, 7341, 7343,
7345, 7346, 7347, 7348, 7350, 7352, 7353, 7354, 7359, 7360, 7364,
7365, 7366, 7367, 7370, 7372, 7374, 7376, 7377, 7379, 7380, 7383,
7384, 7385, 7388, 7389, 7390, 7391, 7392, 7393, 7394, 7395, 7396,
7397, 7398, 7401, 7404, 7405, 7409, 7411, 7413, 7416, 7418, 7419,
7422, 7423, 7426, 7428, 7430, 7431, 7437, 7438, 7440, 7441, 7444,
7445, 7447, 7449, 7450, 7452, 7453, 7455, 7456, 7459, 7460, 7461,
7465, 7466, 7467, 7468, 7469, 7470, 7471, 7472, 7475, 7477, 7479,
7482, 7484, 7485, 7486, 7487, 7492, 7496, 7499, 7500, 7503, 7504,
7506, 7507, 7508, 7509, 7512, 7514, 7515, 7516, 7520, 7522, 7525,
7526, 7528, 7529, 7530, 7531, 7532, 7533, 7534, 7537, 7539, 7540,
7541, 7543, 7546, 7552, 7553, 7555, 7558, 7559, 7560, 7561, 7566,
7567, 7570, 7571, 7573, 7575, 7577, 7579, 7580, 7581, 7582, 7583,
7584, 7585, 7587, 7589, 7591, 7594, 7598, 7599, 7603, 7611, 7618,
7641, 7648, 7670, 7702, 7706, 7713, 7720, 7726, 7727, 7729, 7736,
7738, 7740, 7742, 7746, 7747, 7748, 7749, 7754, 7755, 7756, 7757,
7760, 7761, 7763, 7766, 7768, 7770, 7772, 7773, 7774, 7775, 7776,
7778, 7782, 7792, 7793, 7796, 7798, 7800, 7802, 7803, 7805, 7808,
7809, 7811, 7815, 7817, 7818, 7820, 7822, 7823, 7826, 7827, 7829,
7832, 7833, 7834, 7835, 7838, 7844, 7845, 7846, 7849, 7850, 7853,
7855, 7857, 7861, 7862, 7865, 7866, 7867, 7870, 7871, 7873, 7875,
7877, 7880, 7881, 7882, 7883, 7889, 7892, 7893, 7897, 7899, 7901,
7904, 7906, 7907, 7910, 7911, 7914, 7916, 7918, 7919, 7927, 7934,
7938, 7939, 7942, 7946, 7956, 7959, 7963, 7965, 7968, 7975, 7980,
7982, 7983, 7988, 7992, 7999, 8006, 8014, 8015, 8016, 8020, 8021,
8023, 8026, 8028, 8029, 8032, 8033, 8035, 8036, 8039, 8040, 8044,
8045, 8046, 8047, 8049, 8053, 8056, 8059, 8060, 8061, 8065, 8067,
8069, 8072, 8073, 8075, 8076, 8078, 8083, 8084, 8085, 8086, 8088,
8089, 8091, 8093, 8095, 8099, 8102, 8104, 8105, 8106, 8109, 8110,
8111, 8117, 8124, 8128, 8129, 8134, 8138, 8145, 8147, 8149, 8152,
8154, 8155, 8156, 8157, 8162, 8166, 8169, 8170, 8176, 8177, 8183,
8190, 8191, 8193, 8202, 8205, 8206, 8208, 8212, 8219, 8226, 8231,
8232, 8235, 8241, 8242, 8243, 8244, 8246, 8247, 8248, 8249, 8252,
8253, 8254, 8255, 8261, 8262, 8265, 8268, 8269, 8270, 8271, 8274,
8281, 8282, 8283, 8289, 8293, 8295, 8298, 8304, 8309, 8312, 8313,
8319, 8321, 8323, 8333, 8335, 8338, 8340, 8341, 8342, 8344, 8347,
8353, 8354, 8356, 8362, 8368, 8369, 8371, 8373, 8377, 8384, 8391,
8394, 8402, 8407, 8408, 8409, 8414, 8416, 8418, 8421, 8432, 8435,
8438, 8439, 8442, 8444, 8453, 8454, 8457, 8459, 8461, 8467, 8470,
8474, 8475, 8478, 8480, 8482, 8485, 8489, 8490, 8493, 8497, 8504,
8511, 8513, 8514, 8516, 8519, 8521, 8523, 8525, 8526, 8527, 8528,
8529, 8531, 8532, 8534, 8535, 8541, 8542, 8545, 8546, 8548, 8550,
8551, 8552, 8553, 8554, 8555, 8557, 8562, 8564, 8565, 8566, 8568,
8569, 8570, 8571, 8572, 8578, 8579, 8580, 8582, 8584, 8585, 8586,
8587, 8589, 8591, 8592, 8593, 8595, 8599, 8600, 8601, 8602, 8604,
8606, 8608, 8609, 8611, 8614, 8615, 8616, 8618, 8620, 8621, 8624,
8626, 8627, 8629, 8630, 8631, 8634, 8635, 8636, 8638, 8640, 8641,
8642, 8643, 8644, 8645, 8647, 8648, 8649, 8656, 8657, 8659, 8660,
8661, 8663, 8664, 8665, 8666, 8669, 8670, 8671, 8672, 8673, 8675,
8676, 8677, 8678, 8680, 8682, 8683, 8684, 8688, 8689, 8690, 8691,
8693, 8695, 8696, 8697, 8698, 8700, 8702, 8703, 8704, 8707, 8708,
8709, 8710, 8711, 8712, 8713, 8714, 8715, 8716, 8717, 8718, 8719,
8720, 8721, 8731, 8732, 8733, 8734, 8735, 8736, 8745, 8746, 8748,
8751, 8752, 8755, 8756, 8758, 8759, 8762, 8763, 8764, 8766, 8768,
8770, 8772, 8773, 8775, 8777, 8778, 8782, 8783, 8784, 8785, 8791,
8792, 8794, 8797, 8798, 8800, 8801, 8804, 8805, 8806, 8808, 8810,
8811, 8813, 8816, 8817, 8818, 8819, 8821, 8822, 8824, 8828, 8830,
8832, 8835, 8837, 8838, 8839, 8840, 8841, 8850, 8852, 8854, 8856,
8858, 8860, 8862, 8863, 8865, 8866, 8868, 8870, 8871, 8874, 8875,
8876, 8879, 8880, 8886, 8888, 8890, 8892, 8893, 8897, 8898, 8899,
8900, 8902, 8904, 8905, 8907, 8908, 8910, 8912, 8913, 8914, 8917,
8918, 8920, 8922, 8924, 8927, 8928, 8929, 8930, 8932, 8934, 8937,
8938, 8940, 8943, 8944, 8945, 8946, 8947, 8952, 8953, 8955, 8956,
8957, 8958, 8964, 8965, 8967, 8968, 8969, 8970, 8973, 8974, 8975,
8977, 8978, 8980, 8983, 8984, 8986, 8987, 8989, 8991, 8993, 8997,
8998, 8999, 9000, 9005, 9006, 9007, 9008, 9011, 9012, 9014, 9017,
9019, 9021, 9023, 9024, 9025, 9026, 9027, 9029, 9033, 9038, 9039,
9040, 9041, 9042, 9043, 9045, 9046, 9047, 9048, 9049, 9051, 9052,
9053, 9057, 9059, 9060, 9061, 9062, 9064, 9066, 9068, 9070, 9071,
9072, 9073, 9074, 9080, 9081, 9082, 9089, 9090, 9092, 9095, 9097,
9099, 9101, 9102, 9103, 9104, 9105, 9107, 9109, 9111, 9112, 9114,
9115, 9117, 9118, 9119, 9123, 9125, 9126, 9127, 9128, 9130, 9132,
9134, 9136, 9137, 9138, 9139, 9140, 9146, 9147, 9148, 9155, 9156,
9158, 9161, 9163, 9165, 9167, 9168, 9169, 9170, 9171, 9173, 9175,
9177, 9178, 9180, 9181, 9186, 9187, 9188, 9189, 9190, 9191, 9192,
9193, 9195, 9196, 9198, 9201, 9203, 9204, 9206, 9210, 9216, 9223,
9225, 9226, 9227, 9228, 9229, 9231, 9232, 9233, 9234, 9236, 9237,
9239, 9240, 9242, 9244, 9247, 9248, 9250, 9252, 9255, 9261, 9267,
9269, 9271, 9272, 9273, 9274, 9275, 9276, 9277, 9279, 9280, 9282,
9283, 9285, 9286, 9287, 9288, 9289, 9293, 9295, 9296, 9298, 9300,
9302, 9303, 9304, 9305, 9306, 9307, 9309, 9311, 9313, 9314, 9316,
9317, 9321, 9323, 9324, 9326, 9328, 9330, 9331, 9332, 9333, 9334,
9335, 9337, 9339, 9341, 9342, 9344, 9345, 9346, 9347, 9348, 9349,
9350, 9351, 9353, 9355, 9356, 9357, 9358, 9359, 9361, 9362, 9363,
9364, 9366, 9367, 9369, 9371, 9372, 9373, 9374, 9375, 9376, 9377,
9379, 9380, 9382, 9384, 9386, 9389, 9392, 9393, 9395, 9396, 9398,
9400, 9411, 9412, 9415, 9417, 9418, 9421, 9422, 9424, 9425, 9426,
9427, 9436, 9437, 9440, 9441, 9442, 9445, 9446, 9447, 9450, 9451,
9452, 9454, 9456, 9458, 9459, 9461, 9463, 9464, 9466, 9467, 9468,
9469, 9474, 9475, 9478, 9479, 9480, 9481, 9484, 9485, 9486, 9488,
9489, 9491, 9492, 9493, 9494, 9495, 9498, 9502, 9504, 9505, 9506,
9508, 9511, 9513, 9514, 9516, 9517, 9519, 9522, 9523, 9524, 9526,
9527, 9529, 9534, 9536, 9537, 9539, 9540, 9542, 9543, 9545, 9546,
9548, 9549, 9552, 9554, 9556, 9558, 9559, 9561, 9564, 9565, 9567,
9571, 9573, 9574, 9576, 9578, 9579, 9582, 9583, 9585, 9588, 9589,
9590, 9591, 9594, 9598, 9600, 9601, 9602, 9606, 9608, 9609, 9610,
9611, 9612, 9613, 9614, 9615, 9617, 9618, 9619, 9620, 9621, 9623,
9624, 9625, 9628, 9629, 9631, 9632, 9633, 9635, 9640, 9642, 9643,
9645, 9648, 9650, 9656, 9657, 9660, 9661, 9663, 9664, 9666, 9667,
9668, 9669, 9671, 9672, 9673, 9675, 9677, 9678, 9679, 9683, 9685,
9686, 9691, 9692, 9693, 9694, 9695, 9696, 9697, 9698, 9700, 9701,
9703, 9706, 9709, 9715, 9716, 9718, 9722, 9728, 9729, 9731, 9732,
9734, 9735, 9736, 9737, 9738, 9740, 9741, 9742, 9744, 9745, 9746,
9749, 9750, 9752, 9753, 9754, 9756, 9761, 9763, 9764, 9766, 9769,
9771, 9777, 9778, 9781, 9782, 9784, 9785, 9787, 9788, 9789, 9790,
9792, 9793, 9794, 9796, 9798, 9799, 9801, 9802, 9805, 9809, 9814,
9816, 9817, 9820, 9822, 9827, 9828, 9829, 9830, 9831, 9833, 9834,
9836, 9838, 9839, 9840, 9842, 9846, 9848, 9849, 9850, 9851, 9853,
9854, 9855, 9856, 9857, 9860, 9861, 9863, 9865, 9866, 9868, 9869,
9870, 9871, 9873, 9874, 9875, 9877, 9881, 9883, 9884, 9885, 9886,
9887, 9888, 9889, 9890, 9892, 9893, 9895, 9896, 9898, 9899, 9900,
9901, 9902, 9904, 9905, 9906, 9909, 9910, 9912, 9914, 9915, 9917,
9918, 9919, 9920, 9922, 9923, 9924, 9926, 9927, 9928, 9929, 9930,
9931, 9933, 9934, 9936, 9938, 9939, 9940, 9942, 9945, 9946, 9948,
9949, 9950, 9952, 9956, 9959, 9960, 9964, 9966, 9967, 9969, 9970,
9973, 9974, 9977, 9978, 9980, 9981, 9983, 9985, 9988, 9990, 9991,
9993, 9994, 9997, 9999, 10000, 10002, 10003, 10006, 10007, 10010,
10011, 10012, 10015, 10016, 10019, 10021, 10023, 10027, 10028, 10031,
10032, 10033, 10036, 10037, 10039, 10041, 10043, 10046, 10047, 10048,
10049, 10054, 10055, 10056, 10058, 10060, 10062, 10064, 10065, 10066,
10068, 10069, 10070, 10073, 10074, 10076, 10077, 10078, 10079, 10080,
10081, 10083, 10084, 10085, 10086, 10087, 10088, 10091, 10096, 10097,
10099, 10101, 10103, 10105, 10106, 10109, 10112, 10117, 10118, 10119,
10121, 10122, 10124, 10125, 10126, 10127, 10128, 10129, 10136, 10137,
10138, 10139, 10140, 10141, 10142, 10143, 10145, 10147, 10149, 10151,
10152, 10154, 10155, 10157, 10159, 10162, 10165, 10172, 10176, 10178,
10180, 10182, 10185, 10186, 10187, 10188, 10189, 10190, 10191, 10193,
10195, 10196, 10197, 10199, 10200, 10201, 10204, 10205, 10208, 10209,
10211, 10212, 10215, 10220, 10224, 10227, 10232, 10233, 10236, 10237,
10238, 10239, 10240, 10241, 10244, 10245, 10246, 10247, 10249, 10251,
10252, 10253, 10254, 10257, 10262, 10263, 10265, 10267, 10269, 10271,
10272, 10275, 10278, 10283, 10284, 10285, 10287, 10288, 10290, 10291,
10292, 10293, 10294, 10295, 10298, 10300, 10302, 10304, 10305, 10306,
10309, 10310, 10312, 10313, 10315, 10316, 10317, 10319, 10320, 10321,
10323, 10324, 10326, 10327, 10328, 10329, 10330, 10331, 10334, 10335,
10336, 10337, 10338, 10339, 10341, 10343, 10345, 10346, 10349, 10350,
10351, 10352, 10353, 10354, 10355, 10357, 10359, 10360, 10361, 10364,
10365, 10367, 10368, 10369, 10370, 10371, 10374, 10375, 10376, 10377,
10379, 10381, 10383, 10384, 10385, 10387, 10388, 10390, 10391, 10392,
10393, 10394, 10395, 10397, 10399, 10400, 10403, 10404, 10406, 10408,
10411, 10412, 10415, 10419, 10421, 10422, 10423, 10426, 10427, 10430,
10431, 10433, 10435, 10437, 10439, 10440, 10441, 10442, 10446, 10448,
10449, 10450, 10451, 10452, 10453, 10454, 10455, 10456, 10457, 10458,
10461, 10464, 10465, 10469, 10471, 10473, 10476, 10478, 10479, 10482,
10483, 10486, 10488, 10490, 10491, 10497, 10498, 10503, 10507, 10509,
10514, 10517, 10518, 10519, 10522, 10523, 10525, 10526, 10528, 10529,
10530, 10531, 10532, 10534, 10535, 10537, 10540, 10542, 10544, 10548,
10549, 10552, 10556, 10563, 10564, 10570, 10571, 10573, 10575, 10577,
10579, 10580, 10582, 10583, 10585, 10588, 10589, 10591, 10592, 10593,
10594, 10596, 10597, 10600, 10603, 10607, 10609, 10612, 10616, 10617,
10621, 10623, 10624, 10626, 10627, 10629, 10631, 10633, 10635, 10636,
10639, 10640, 10641, 10643, 10644, 10645, 10649, 10654, 10656, 10657,
10663, 10666, 10667, 10671, 10673, 10675, 10678, 10680, 10681, 10684,
10685, 10688, 10690, 10692, 10693, 10701, 10708, 10712, 10713, 10716,
10720, 10730, 10733, 10737, 10739, 10742, 10749, 10754, 10756, 10757,
10762, 10766, 10773, 10780, 10783, 10784, 10786, 10787, 10790, 10791,
10793, 10795, 10796, 10798, 10799, 10801, 10802, 10803, 10804, 10805,
10811, 10812, 10813, 10820, 10821, 10823, 10826, 10828, 10830, 10832,
10833, 10834, 10835, 10836, 10838, 10840, 10842, 10843, 10845, 10846,
10849, 10850, 10852, 10853, 10854, 10855, 10857, 10858, 10859, 10861,
10866, 10868, 10869, 10871, 10874, 10876, 10882, 10883, 10886, 10887,
10889, 10890, 10892, 10893, 10894, 10895, 10897, 10898, 10899, 10901,
10902, 10903, 10904, 10907, 10912, 10913, 10915, 10917, 10919, 10921,
10922, 10925, 10928, 10933, 10934, 10935, 10937, 10938, 10940, 10941,
10942, 10943, 10944, 10945, 10949, 10957, 10964, 10987, 10994, 11016,
11048, 11052, 11059, 11066, 11074, 11075, 11076, 11077, 11078, 11083,
11086, 11088, 11089, 11091, 11095, 11096, 11098, 11104, 11107, 11110,
11111, 11114, 11115, 11116, 11117, 11118, 11119, 11120, 11121, 11122,
11124, 11129, 11132, 11133, 11135, 11137, 11144, 11146, 11148, 11150,
11153, 11154, 11156, 11158, 11159, 11160, 11161, 11163, 11164, 11165,
11166, 11167, 11168, 11169, 11176, 11177, 11179, 11182, 11184, 11186,
11204, 11205, 11207, 11210, 11212, 11214, 11236, 11237, 11239, 11243,
11253, 11255, 11262, 11268, 11270, 11272, 11273, 11275, 11276, 11279,
11281, 11282, 11284, 11285, 11286, 11288, 11289, 11295, 11303, 11304,
11306, 11307, 11310, 11312, 11313, 11316, 11319, 11320, 11321, 11322,
11323, 11324, 11326, 11327, 11329, 11330, 11331, 11332, 11334, 11335,
11337, 11340, 11342, 11348, 11349, 11352, 11369, 11370, 11372, 11379,
11381, 11383, 11387, 11397, 11398, 11401, 11422, 11425, 11428, 11433,
11434, 11437, 11439, 11441, 11443, 11444, 11445, 11447, 11448, 11450,
11451, 11453, 11454, 11456, 11458, 11460, 11462, 11463, 11466, 11469,
11492, 11495, 11497, 11499, 11502, 11504, 11511, 11517, 11518, 11521,
11527, 11530, 11533, 11553, 11556, 11557, 11559, 11560, 11562, 11564,
11565, 11566, 11568, 11569, 11571, 11573, 11574, 11577, 11578, 11579,
11581, 11582, 11584, 11585, 11586, 11587, 11588, 11589, 11591, 11593,
11595, 11596, 11598, 11599, 11601, 11602, 11603, 11604, 11606, 11608,
11609, 11611, 11612, 11613, 11614, 11616, 11617, 11618, 11620, 11622,
11623, 11624, 11626, 11627, 11629, 11630, 11631, 11632, 11633, 11634,
11637, 11641, 11648, 11655, 11659, 11660, 11661, 11662, 11665, 11666,
11669, 11670, 11671, 11672, 11673, 11674, 11675, 11676, 11678, 11679,
11681, 11683, 11684, 11685, 11686, 11688, 11689, 11690, 11691, 11693,
11695, 11697, 11698, 11700, 11701, 11704, 11706, 11707, 11709, 11710,
11711, 11714, 11715, 11716, 11717, 11718, 11719, 11721, 11722, 11724,
11725, 11726, 11728, 11729, 11732, 11734, 11736, 11738, 11739, 11740,
11742, 11743, 11745, 11746, 11748, 11751, 11752, 11754, 11755, 11757,
11759, 11760, 11761, 11763, 11764, 11766, 11767, 11768, 11769, 11770,
11771, 11772, 11773, 11774, 11775, 11777, 11778, 11779, 11793, 11794,
11795, 11806, 11807, 11808, 11809, 11810, 11813, 11814, 11816, 11817,
11818, 11819, 11821, 11823, 11825, 11826, 11828, 11829, 11831, 11833,
11834, 11836, 11837, 11840, 11841, 11848, 11849, 11850, 11851, 11852,
11854, 11855, 11856, 11857, 11859, 11860, 11862, 11863, 11865, 11866,
11867, 11870, 11871, 11872, 11873, 11874, 11875, 11877, 11878, 11880,
11882, 11883, 11890, 11891, 11892, 11894, 11895, 11897, 11900, 11902,
11905, 11906, 11907, 11910, 11911, 11913, 11916, 11917, 11918, 11921,
11922, 11924, 11925, 11926, 11930, 11931, 11932, 11936, 11937, 11939,
11942, 11944, 11945, 11948, 11949, 11951, 11952, 11955, 11956, 11960,
11961, 11962, 11963, 11965, 11969, 11972, 11975, 11976, 11977, 11978,
11980, 11981, 11982, 11986, 11988, 11989, 11991, 11992, 11993, 11997,
11999, 12000, 12005, 12006, 12007, 12008, 12009, 12010, 12011, 12012,
12017, 12020, 12022, 12023, 12025, 12029, 12030, 12032, 12038, 12041,
12044, 12045, 12048, 12049, 12050, 12051, 12052, 12053, 12054, 12055,
12056, 12057, 12058, 12059, 12060, 12061, 12062, 12063, 12065, 12066,
12068, 12069, 12070, 12071, 12072, 12073, 12077, 12078, 12080, 12081,
12083, 12086, 12087, 12091, 12094, 12098, 12104, 12105, 12106, 12107,
12108, 12109, 12112, 12113, 12116, 12117, 12118, 12119, 12120, 12121,
12123, 12124, 12125, 12126, 12127, 12128, 12132, 12133, 12135, 12136,
12138, 12141, 12142, 12146, 12149, 12153, 12159, 12160, 12161, 12162,
12163, 12164, 12167, 12168, 12171, 12172, 12173, 12174, 12175, 12176,
12183, 12186, 12187, 12191, 12192, 12193, 12194, 12198, 12199, 12200,
12204, 12207, 12208, 12209, 12210, 12211, 12212, 12213, 12214, 12215,
12216, 12221, 12222, 12226, 12228, 12229, 12233, 12235, 12236, 12237,
12238, 12239, 12240, 12241, 12242, 12243, 12246, 12247, 12250, 12251,
12252, 12253, 12254, 12255, 12256, 12257, 12258, 12259, 12260, 12261,
12263, 12264, 12265, 12266, 12267, 12271, 12272, 12273, 12276, 12277,
12280, 12281, 12282, 12283, 12284, 12285, 12286, 12287, 12288, 12292,
12293, 12294, 12297, 12298, 12301, 12302, 12303, 12304, 12305, 12306,
12307, 12308, 12309, 12310, 12311, 12312, 12313, 12314, 12315, 12316,
12321, 12322, 12324, 12325, 12329, 12330, 12331, 12335, 12336, 12337,
12340, 12345, 12346, 12348, 12349, 12351, 12353, 12356, 12357, 12359,
12361, 12363, 12364, 12366, 12369, 12370, 12371, 12375, 12376, 12377,
12378, 12380, 12382, 12384, 12385, 12387, 12391, 12393, 12395, 12398,
12399, 12401, 12402, 12404, 12409, 12410, 12411, 12412, 12414, 12415,
12417, 12419, 12421, 12425, 12428, 12430, 12431, 12432, 12434, 12435,
12436, 12438, 12440, 12442, 12444, 12450, 12451, 12452, 12453, 12454,
12455, 12456, 12457, 12459, 12461, 12463, 12465, 12466, 12468, 12473,
12476, 12477, 12479, 12481, 12488, 12490, 12492, 12494, 12497, 12498,
12500, 12502, 12503, 12504, 12505, 12507, 12508, 12509, 12510, 12511,
12513, 12514, 12515, 12516, 12517, 12518, 12522, 12523, 12524, 12525,
12526, 12527, 12528, 12529, 12531, 12532, 12534, 12535, 12537, 12539,
12541, 12542, 12547, 12549, 12553, 12554, 12555, 12560, 12562, 12563,
12565, 12567, 12568, 12569, 12570, 12572, 12574, 12575, 12576, 12578,
12579, 12580, 12581, 12582, 12583, 12594, 12596, 12597, 12601, 12602,
12603, 12604, 12609, 12614, 12615, 12616, 12617, 12618, 12619, 12620,
12621, 12622, 12624, 12626, 12627, 12628, 12630, 12632, 12634, 12635,
12637, 12639, 12641, 12642, 12647, 12649, 12653, 12654, 12655, 12660,
12662, 12663, 12665, 12667, 12668, 12669, 12670, 12672, 12674, 12675,
12676, 12678, 12680, 12682, 12684, 12686, 12687, 12688, 12689, 12690,
12691, 12693, 12695, 12697, 12699, 12700, 12702, 12704, 12705, 12706,
12707, 12709, 12710, 12711, 12712, 12713, 12714, 12715, 12716, 12720,
12721, 12722, 12723, 12725, 12726, 12727, 12729, 12731, 12732, 12733,
12734, 12736, 12738, 12739, 12740, 12741, 12742, 12743, 12747, 12748,
12749, 12750, 12751, 12752, 12754, 12756, 12757, 12758, 12760, 12762,
12763, 12765, 12767, 12768, 12769, 12770, 12772, 12774, 12775, 12776,
12777, 12781, 12783, 12784, 12785, 12786, 12791, 12793, 12794, 12795,
12800, 12801, 12802, 12803, 12804, 12805, 12810, 12812, 12815, 12820,
12823, 12826, 12831, 12832, 12834, 12835, 12836, 12837, 12838, 12839,
12840, 12841, 12842, 12843, 12848, 12849, 12851, 12854, 12856, 12858,
12860, 12861, 12866, 12870, 12876, 12877, 12879, 12881, 12883, 12885,
12886, 12887, 12888, 12892, 12894, 12895, 12896, 12899, 12900, 12901,
12905, 12906, 12907, 12908, 12909, 12910, 12911, 12912, 12915, 12917,
12919, 12922, 12924, 12925, 12926, 12927, 12932, 12936, 12939, 12940,
12943, 12944, 12950, 12951, 12952, 12954, 12955, 12957, 12961, 12963,
12965, 12967, 12968, 12969, 12970, 12971, 12973, 12974, 12978, 12979,
12980, 12981, 12987, 12994, 12995, 12996, 12998, 12999, 13001, 13003,
13005, 13009, 13011, 13012, 13013, 13017, 13018, 13019, 13020, 13021,
13022, 13023, 13025, 13027, 13036, 13039, 13040, 13043, 13044, 13045,
13051, 13058, 13062, 13063, 13068, 13072, 13079, 13081, 13083, 13086,
13088, 13089, 13090, 13091, 13096, 13100, 13103, 13104, 13110, 13111,
13117, 13124, 13125, 13127, 13136, 13139, 13140, 13142, 13146, 13153,
13160, 13162, 13164, 13166, 13168, 13169, 13171, 13172, 13175, 13176,
13177, 13180, 13181, 13182, 13183, 13184, 13185, 13191, 13192, 13193,
13200, 13201, 13203, 13206, 13208, 13210, 13212, 13213, 13214, 13215,
13216, 13218, 13220, 13222, 13223, 13225, 13226, 13232, 13233, 13236,
13237, 13238, 13240, 13241, 13243, 13246, 13249, 13255, 13256, 13258,
13262, 13268, 13269, 13271, 13272, 13274, 13275, 13276, 13277, 13278,
13280, 13281, 13282, 13284, 13285, 13287, 13289, 13292, 13295, 13302,
13306, 13308, 13310, 13312, 13315, 13316, 13317, 13318, 13319, 13320,
13321, 13323, 13325, 13326, 13327, 13328, 13329, 13336, 13337, 13339,
13342, 13344, 13346, 13364, 13365, 13367, 13370, 13372, 13374, 13396,
13397, 13399, 13403, 13413, 13415, 13422, 13428, 13430, 13432, 13433,
13435, 13436, 13439, 13441, 13442, 13444, 13445, 13446, 13449, 13450,
13452, 13453, 13454, 13455, 13457, 13458, 13460, 13461, 13463, 13466,
13467, 13471, 13474, 13478, 13484, 13485, 13486, 13487, 13488, 13489,
13492, 13493, 13496, 13497, 13498, 13499, 13500, 13501, 13502, 13504,
13505, 13507, 13509, 13511, 13512, 13517, 13519, 13523, 13524, 13525,
13530, 13532, 13533, 13535, 13537, 13538, 13539, 13540, 13542, 13544,
13545, 13546, 13549, 13557, 13564, 13587, 13594, 13616, 13648, 13652,
13659, 13666, 13675, 13676, 13677, 13683, 13684, 13688, 13689, 13690,
13694, 13695, 13696, 13697, 13698, 13701, 13702, 13703, 13704, 13705,
13706, 13707, 13708, 13709, 13712, 13714, 13715, 13717, 13721, 13722,
13724, 13729, 13733, 13735, 13739, 13748, 13752, 13758, 13759, 13760,
13779, 13780, 13781, 13809, 13810, 13811, 13812, 13813, 13816, 13817,
13818, 13822, 13823, 13824, 13828, 13829, 13830, 13831, 13833, 13834,
13836, 13838, 13842, 13847, 13849, 13851, 13854, 13856, 13863, 13868,
13872, 13873, 13874, 13879, 13899, 13900, 13901, 13914, 13915, 13916,
13932, 13933, 13934, 13935, 13937, 13942, 13943, 13944, 13945, 13946,
13947, 13951, 13953, 13955, 13956, 13958, 13959, 13960, 13963, 13964,
13965, 13966, 13967, 13968, 13969, 13971, 13973, 13975, 13976, 13978,
13979, 13981, 13982, 13985, 13987, 13988, 13990, 13991, 13993, 13994,
13995, 13996, 13997, 13999, 14000, 14001, 14004, 14005, 14006, 14007,
14008, 14009, 14010, 14012, 14014, 14015, 14017, 14019, 14021, 14022,
14024, 14025, 14028, 14030, 14031, 14033, 14034, 14035, 14037, 14038,
14039, 14040, 14042, 14043, 14044, 14047, 14048, 14051, 14052, 14053,
14054, 14055, 14056, 14057, 14058, 14060, 14062, 14063, 14064, 14065,
14067, 14069, 14070, 14071, 14073, 14077, 14084, 14091, 14092, 14093,
14096, 14097, 14098, 14099, 14100, 14101, 14102, 14103, 14104, 14107,
14108, 14111, 14112, 14113, 14117, 14118, 14119, 14123, 14124, 14125,
14126, 14127, 14128, 14129, 14130, 14132, 14137, 14138, 14139, 14140,
14141, 14142, 14146, 14147, 14148, 14150, 14151, 14152, 14153, 14154,
14155, 14156, 14157, 14160, 14161, 14165, 14167, 14168, 14170, 14171,
14174, 14178, 14179, 14180, 14184, 14185, 14186, 14187, 14188, 14189,
14193, 14194, 14195, 14196, 14198, 14199, 14203, 14204, 14205, 14206,
14212, 14213, 14216, 14222, 14223, 14224, 14225, 14227, 14228, 14229,
14230, 14233, 14234, 14235, 14236, 14242, 14243, 14246, 14249, 14250,
14251, 14252, 14259, 14260, 14261, 14262, 14263, 14264, 14265, 14266,
14268, 14269, 14270, 14273, 14274, 14276, 14278, 14279, 14280, 14283,
14284, 14287, 14288, 14294, 14302, 14303, 14305, 14306, 14309, 14311,
14312, 14315, 14318, 14319, 14320, 14321, 14322, 14323, 14325, 14326,
14328, 14329, 14330, 14331, 14333, 14334, 14335, 14336, 14337, 14338,
14343, 14344, 14345, 14346, 14347, 14348, 14360, 14361, 14362, 14368,
14369, 14373, 14374, 14375, 14379, 14380, 14381, 14382, 14383, 14386,
14387, 14388, 14389, 14390, 14391, 14392, 14393, 14394, 14397, 14398,
14399, 14400, 14401, 14402, 14403, 14404, 14405, 14408, 14409, 14411,
14412, 14415, 14416, 14417, 14421, 14422, 14423, 14424, 14430, 14436,
14437, 14438, 14439, 14440, 14441, 14442, 14445, 14448, 14449, 14450,
14451, 14453, 14454, 14456, 14457, 14460, 14461, 14462, 14466, 14467,
14468, 14469, 14475, 14481, 14482, 14483, 14484, 14485, 14486, 14487,
14490, 14493, 14494, 14495, 14496, 14499, 14500, 14501, 14502, 14503,
14504, 14505, 14506, 14509, 14510, 14512, 14515, 14516, 14520, 14521,
14522, 14523, 14524, 14525, 14527, 14528, 14530, 14531, 14532, 14533,
14534, 14535, 14536, 14540, 14541, 14542, 14546, 14547, 14550, 14551,
14552, 14553, 14554, 14555, 14556, 14557, 14558, 14561, 14562, 14563,
14564, 14565, 14567, 14568, 14569, 14570, 14571, 14572, 14575, 14578,
14579, 14580, 14581, 14582, 14583, 14584, 14585, 14586, 14587, 14590,
14593, 14594, 14595, 14596, 14597, 14604, 14607, 14608, 14610, 14611,
14612, 14613, 14614, 14615, 14619, 14620, 14623, 14631, 14632, 14633,
14634, 14635, 14636, 14640, 14643, 14646, 14650, 14652, 14653, 14655,
14656, 14657, 14658, 14659, 14661, 14662, 14664, 14667, 14668, 14669,
14670, 14675, 14676, 14679, 14680, 14682, 14685, 14691, 14696, 14698,
14699, 14700, 14703, 14704, 14707, 14709, 14714, 14716, 14717, 14719,
14720, 14722, 14726, 14727, 14728, 14729, 14731, 14732, 14733, 14734,
14737, 14738, 14743, 14744, 14745, 14746, 14748, 14758, 14760, 14761,
14762, 14763, 14767, 14769, 14770, 14772, 14774, 14775, 14776, 14780,
14782, 14785, 14786, 14788, 14789, 14790, 14791, 14792, 14793, 14794,
14797, 14799, 14800, 14801, 14803, 14806, 14812, 14813, 14815, 14817,
14818, 14820, 14821, 14824, 14825, 14826, 14830, 14831, 14832, 14836,
14838, 14839, 14840, 14841, 14842, 14843, 14844, 14851, 14857, 14858,
14860, 14863, 14870, 14871, 14872, 14878, 14882, 14884, 14887, 14893,
14898, 14901, 14902, 14908, 14910, 14912, 14922, 14924, 14927, 14929,
14930, 14931, 14933, 14936, 14942, 14943, 14945, 14951, 14957, 14958,
14960, 14962, 14966, 14973, 14980, 14982, 14983, 14987, 14988, 14989,
14990, 14996, 14998, 15000, 15002, 15003, 15005, 15006, 15008, 15011,
15013, 15014, 15016, 15020, 15026, 15033, 15035, 15036, 15037, 15038,
15039, 15041, 15042, 15043, 15044, 15046, 15047, 15050, 15051, 15052,
15055, 15056, 15057, 15058, 15059, 15061, 15066, 15068, 15069, 15071,
15074, 15076, 15082, 15083, 15086, 15087, 15089, 15090, 15092, 15093,
15094, 15095, 15097, 15098, 15099, 15101, 15103, 15104, 15106, 15107,
15110, 15115, 15119, 15122, 15127, 15128, 15131, 15132, 15133, 15134,
15135, 15136, 15139, 15140, 15141, 15142, 15144, 15146, 15147, 15149,
15150, 15152, 15155, 15157, 15163, 15164, 15167, 15184, 15185, 15187,
15194, 15196, 15198, 15202, 15212, 15213, 15216, 15237, 15240, 15243,
15248, 15249, 15252, 15254, 15256, 15258, 15259, 15260, 15262, 15263,
15265, 15266, 15268, 15270, 15271, 15273, 15274, 15276, 15277, 15278,
15280, 15281, 15283, 15286, 15287, 15291, 15294, 15298, 15304, 15305,
15306, 15307, 15308, 15309, 15312, 15313, 15316, 15317, 15318, 15319,
15320, 15321, 15329, 15331, 15332, 15336, 15337, 15338, 15339, 15344,
15349, 15350, 15351, 15352, 15353, 15354, 15355, 15356, 15357, 15359,
15361, 15362, 15363, 15365, 15367, 15369, 15370, 15372, 15376, 15377,
15379, 15384, 15388, 15390, 15394, 15403, 15407, 15413, 15414, 15415,
15434, 15435, 15436, 15464, 15465, 15466, 15467, 15468, 15471, 15472,
15473, 15477, 15478, 15479, 15483, 15484, 15485, 15486, 15488, 15489,
15491, 15492, 15495, 15496, 15497, 15501, 15502, 15503, 15504, 15510,
15516, 15517, 15518, 15519, 15520, 15521, 15522, 15525, 15528, 15529,
15530, 15531, 15534, 15542, 15549, 15572, 15579, 15601, 15633, 15637,
15644, 15651, 15654, 15660, 15662, 15663, 15666, 15668, 15669, 15672,
15678, 15681, 15684, 15688, 15692, 15693, 15694, 15698, 15699, 15700,
15713, 15714, 15715, 15721, 15752, 15753, 15754, 15755, 15756, 15757,
15758, 15759, 15760, 15761, 15764, 15771, 15774, 15775, 15776, 15777,
15779, 15781, 15783, 15786, 15788, 15789, 15790, 15791, 15792, 15794,
15795, 15796, 15797, 15799, 15800, 15801, 15804, 15805, 15806, 15808,
15809, 15811, 15812, 15813, 15814, 15816, 15817, 15818, 15820, 15821,
15822, 15823, 15824, 15825, 15828, 15829, 15830, 15831, 15833, 15835,
15837, 15838, 15841, 15843, 15845, 15847, 15848, 15849, 15851, 15852,
15854, 15855, 15856, 15858, 15859, 15861, 15862, 15863, 15864, 15867,
15868, 15871, 15872, 15873, 15874, 15875, 15876, 15877, 15878, 15879,
15880, 15881, 15882, 15884, 15886, 15887, 15888, 15890, 15892, 15893,
15896, 15897, 15898, 15902, 15903, 15904, 15908, 15909, 15910, 15911,
15912, 15913, 15914, 15915, 15916, 15917, 15920, 15923, 15924, 15925,
15926, 15928, 15932, 15939, 15946, 15947, 15948, 15949, 15950, 15951,
15952, 15953, 15954, 15955, 15956, 15959, 15966, 15967, 15969, 15970,
15971, 15972, 15974, 15976, 15977, 15978, 15979, 15980, 15981, 15984,
15985, 15988, 15995, 15997, 16000, 16006, 16007, 16008, 16009, 16010,
16011, 16015, 16016, 16018, 16019, 16021, 16022, 16023, 16025, 16026,
16028, 16030, 16032, 16034, 16035, 16038, 16039, 16040, 16041, 16046,
16048, 16050, 16053, 16062, 16063, 16068, 16071, 16073, 16074, 16075,
16078, 16079, 16081, 16083, 16084, 16086, 16088, 16090, 16092, 16093,
16094, 16095, 16097, 16098, 16102, 16103, 16104, 16105, 16108, 16109,
16112, 16114, 16123, 16124, 16126, 16127, 16129, 16131, 16133, 16135,
16137, 16138, 16140, 16141, 16144, 16145, 16146, 16150, 16151, 16152,
16154, 16155, 16156, 16157, 16158, 16161, 16163, 16165, 16171, 16174,
16178, 16179, 16183, 16184, 16185, 16186, 16191, 16192, 16195, 16196,
16198, 16200, 16202, 16204, 16205, 16206, 16207, 16208, 16209, 16210,
16212, 16214, 16216, 16219, 16223, 16224, 16228, 16236, 16241, 16242,
16243, 16248, 16250, 16252, 16255, 16266, 16269, 16272, 16273, 16276,
16278, 16287, 16288, 16291, 16293, 16295, 16301, 16304, 16308, 16309,
16312, 16314, 16316, 16319, 16323, 16324, 16327, 16331, 16338, 16345,
16351, 16352, 16354, 16357, 16358, 16362, 16363, 16364, 16365, 16367,
16369, 16370, 16372, 16374, 16377, 16378, 16380, 16382, 16385, 16391,
16397, 16399, 16401, 16402, 16403, 16404, 16405, 16406, 16407, 16409,
16410, 16412, 16414, 16416, 16418, 16419, 16421, 16423, 16424, 16426,
16427, 16430, 16434, 16439, 16441, 16442, 16445, 16447, 16452, 16453,
16454, 16455, 16456, 16458, 16459, 16461, 16463, 16464, 16465, 16467,
16468, 16469, 16472, 16477, 16478, 16480, 16482, 16484, 16486, 16487,
16490, 16493, 16498, 16499, 16500, 16502, 16503, 16505, 16506, 16507,
16508, 16509, 16510, 16513, 16514, 16516, 16518, 16520, 16522, 16523,
16526, 16529, 16552, 16555, 16557, 16559, 16562, 16564, 16571, 16577,
16578, 16581, 16587, 16590, 16593, 16613, 16616, 16617, 16619, 16620,
16622, 16624, 16625, 16626, 16628, 16629, 16631, 16633, 16634, 16636,
16637, 16640, 16641, 16648, 16651, 16652, 16656, 16657, 16658, 16659,
16663, 16664, 16665, 16669, 16672, 16673, 16674, 16675, 16676, 16677,
16678, 16679, 16680, 16681, 16686, 16687, 16689, 16690, 16692, 16694,
16696, 16697, 16702, 16704, 16708, 16709, 16710, 16715, 16717, 16718,
16720, 16722, 16723, 16724, 16725, 16727, 16729, 16730, 16731, 16733,
16734, 16736, 16738, 16742, 16747, 16749, 16751, 16754, 16756, 16763,
16768, 16772, 16773, 16774, 16779, 16799, 16800, 16801, 16814, 16815,
16816, 16832, 16833, 16834, 16835, 16837, 16842, 16843, 16844, 16845,
16846, 16847, 16851, 16853, 16854, 16856, 16857, 16860, 16861, 16862,
16866, 16867, 16868, 16869, 16875, 16881, 16882, 16883, 16884, 16885,
16886, 16887, 16890, 16893, 16894, 16895, 16896, 16899, 16905, 16907,
16908, 16911, 16913, 16914, 16917, 16923, 16926, 16929, 16933, 16937,
16938, 16939, 16943, 16944, 16945, 16958, 16959, 16960, 16966, 16997,
16998, 16999, 17000, 17001, 17002, 17003, 17004, 17005, 17006, 17009,
17016, 17019, 17027, 17034, 17057, 17064, 17086, 17118, 17122, 17129,
17136, 17138, 17139, 17141, 17145, 17146, 17147, 17148, 17150, 17152,
17154, 17155, 17156, 17157, 17158, 17159, 17160, 17162, 17163, 17165,
17167, 17168, 17170, 17171, 17172, 17173, 17174, 17175, 17177, 17178,
17180, 17182, 17183, 17184, 17187, 17188, 17189, 17191, 17192, 17194,
17195, 17196, 17197, 17198, 17199, 17202, 17205, 17206, 17208, 17209,
17211, 17213, 17214, 17215, 17217, 17218, 17220, 17221, 17222, 17225,
17226, 17227, 17228, 17229, 17230, 17231, 17232, 17233, 17234, 17235,
17236, 17241, 17242, 17243, 17245, 17247, 17248, 17249, 17250, 17252,
17254, 17255, 17256, 17257, 17258, 17259, 17260, 17262, 17267, 17268,
17269, 17270, 17271, 17272, 17276, 17277, 17278, 17279, 17280, 17281,
17282, 17285, 17288, 17289, 17290, 17291, 17292, 17293, 17294, 17295,
17296, 17297, 17298, 17299, 17300, 17301, 17304, 17311, 17313, 17317,
17324, 17331, 17333, 17334, 17337, 17338, 17339, 17340, 17341, 17342,
17343, 17344, 17345, 17346, 17348, 17349, 17350, 17352, 17353, 17355,
17358, 17359, 17361, 17362, 17364, 17366, 17369, 17370, 17372, 17373,
17376, 17377, 17378, 17382, 17383, 17384, 17387, 17388, 17389, 17390,
17393, 17394, 17395, 17396, 17398, 17399, 17400, 17401, 17402, 17404,
17405, 17407, 17408, 17413, 17415, 17416, 17418, 17419, 17422, 17423,
17425, 17426, 17428, 17430, 17432, 17434, 17436, 17437, 17439, 17440,
17444, 17445, 17446, 17447, 17449, 17450, 17452, 17453, 17455, 17457,
17458, 17459, 17460, 17461, 17462, 17464, 17468, 17469, 17471, 17472,
17474, 17478, 17479, 17480, 17483, 17484, 17485, 17486, 17487, 17490,
17491, 17495, 17496, 17497, 17499, 17501, 17502, 17503, 17505, 17506,
17507, 17508, 17509, 17513, 17514, 17516, 17517, 17520, 17521, 17522,
17524, 17526, 17528, 17529, 17531, 17534, 17535, 17538, 17539, 17541,
17543, 17546, 17547, 17548, 17550, 17551, 17554, 17555, 17556, 17558,
17559, 17561, 17562, 17563, 17564, 17565, 17566, 17569, 17570, 17571,
17573, 17575, 17576, 17578, 17579, 17580, 17581, 17583, 17586, 17587,
17588, 17589, 17590, 17591, 17592, 17593, 17595, 17597, 17599, 17600,
17602, 17603, 17604, 17605, 17607, 17608, 17609, 17610, 17611, 17615,
17616, 17617, 17619, 17621, 17622, 17623, 17624, 17626, 17628, 17629,
17630, 17632, 17634, 17635, 17636, 17640, 17641, 17642, 17643, 17644,
17646, 17647, 17650, 17651, 17653, 17654, 17656, 17658, 17660, 17662,
17663, 17666, 17667, 17668, 17671, 17672, 17673, 17675, 17677, 17679,
17680, 17682, 17685, 17686, 17687, 17688, 17690, 17691, 17693, 17694,
17696, 17697, 17699, 17700, 17702, 17705, 17706, 17708, 17709, 17711,
17713, 17714, 17717, 17719, 17721, 17722, 17725, 17727, 17728, 17730,
17731, 17732, 17733, 17734, 17738, 17739, 17740, 17742, 17744, 17745,
17747, 17748, 17749, 17752, 17753, 17754, 17755, 17756, 17757, 17758,
17761, 17762, 17763, 17765, 17767, 17768, 17769, 17770, 17772, 17774,
17776, 17777, 17779, 17784, 17785, 17786, 17787, 17789, 17790, 17791,
17793, 17794, 17798, 17799, 17800, 17801, 17804, 17805, 17807, 17808,
17809, 17810, 17812, 17813, 17814, 17815, 17816, 17818, 17821, 17822,
17823, 17824, 17825, 17826, 17827, 17828, 17830, 17832, 17835, 17836,
17837, 17839, 17841, 17842, 17843, 17844, 17845, 17846, 17848, 17849,
17850, 17854, 17855, 17857, 17858, 17859, 17860, 17862, 17863, 17865,
17866, 17867, 17868, 17871, 17872, 17874, 17877, 17879, 17881, 17887,
17888, 17890, 17891, 17892, 17894, 17895, 17896, 17897, 17898, 17901,
17902, 17903, 17904, 17906, 17910, 17911, 17912, 17913, 17914, 17917,
17918, 17919, 17922, 17923, 17924, 17925, 17926, 17927, 17928, 17929,
17931, 17933, 17934, 17936, 17937, 17940, 17941, 17943, 17944, 17946,
17948, 17949, 17951, 17952, 17953, 17954, 17956, 17957, 17958, 17959,
17960, 17962, 17963, 17965, 17969, 17971, 17972, 17974, 17975, 17976,
17977, 17978, 17981, 17983, 17984, 17985, 17986, 17987, 17990, 17991,
17992, 17994, 17996, 17997, 18000, 18001, 18002, 18003, 18004, 18006,
18007, 18008, 18009, 18011, 18013, 18014, 18015, 18019, 18021, 18022,
18023, 18024, 18026, 18027, 18029, 18030, 18032, 18036, 18037, 18038,
18040, 18041, 18043, 18044, 18045, 18046, 18048, 18049, 18050, 18051,
18052, 18054, 18055, 18056, 18059, 18060, 18062, 18063, 18066, 18067,
18070, 18071, 18072, 18073, 18074, 18075, 18076, 18077, 18079, 18081,
18082, 18084, 18086, 18088, 18089, 18090, 18091, 18092, 18095, 18096,
18097, 18099, 18101, 18102, 18103, 18105, 18107, 18109, 18110, 18112,
18113, 18114, 18117, 18119, 18120, 18121, 18122, 18124, 18126, 18127,
18128, 18129, 18131, 18133, 18134, 18135, 18139, 18140, 18142, 18145,
18147, 18149, 18151, 18152, 18153, 18154, 18155, 18157, 18158, 18160,
18161, 18167, 18168, 18171, 18172, 18174, 18176, 18177, 18178, 18179,
18180, 18181, 18183, 18188, 18190, 18191, 18192, 18194, 18195, 18196,
18197, 18198, 18204, 18205, 18206, 18208, 18210, 18211, 18212, 18213,
18215, 18217, 18218, 18219, 18221, 18225, 18226, 18227, 18228, 18230,
18232, 18234, 18235, 18237, 18240, 18241, 18242, 18244, 18246, 18247,
18250, 18252, 18253, 18255, 18256, 18257, 18260, 18261, 18262, 18264,
18266, 18267, 18268, 18269, 18270, 18271, 18273, 18274, 18275, 18282,
18283, 18285, 18286, 18287, 18289, 18290, 18291, 18292, 18295, 18296,
18297, 18298, 18299, 18301, 18302, 18303, 18304, 18306, 18308, 18309,
18310, 18314, 18315, 18316, 18317, 18319, 18321, 18322, 18323, 18324,
18326, 18328, 18329, 18330, 18333, 18334, 18335, 18336, 18337, 18338,
18339, 18340, 18341, 18342, 18343, 18344, 18345, 18346, 18347, 18352,
18353, 18354, 18355, 18356, 18357, 18358, 18359, 18361, 18362, 18365,
18366, 18367, 18369, 18371, 18372, 18374, 18377, 18378, 18379, 18380,
18382, 18383, 18385, 18389, 18391, 18393, 18396, 18398, 18399, 18400,
18401, 18402, 18403, 18405, 18406, 18408, 18409, 18411, 18413, 18414,
18415, 18418, 18419, 18421, 18423, 18425, 18428, 18429, 18430, 18431,
18433, 18435, 18438, 18439, 18441, 18444, 18445, 18446, 18447, 18448,
18449, 18451, 18452, 18453, 18454, 18455, 18459, 18461, 18462, 18464,
18466, 18468, 18469, 18470, 18471, 18472, 18473, 18475, 18477, 18479,
18480, 18482, 18483, 18487, 18489, 18490, 18492, 18494, 18496, 18497,
18498, 18499, 18500, 18501, 18503, 18505, 18507, 18508, 18510, 18511,
18512, 18513, 18514, 18515, 18516, 18517, 18519, 18521, 18522, 18523,
18524, 18525, 18527, 18528, 18529, 18530, 18532, 18533, 18535, 18537,
18538, 18539, 18540, 18541, 18542, 18543, 18545, 18546, 18548, 18550,
18552, 18555, 18558, 18559, 18561, 18562, 18564, 18566, 18569, 18570,
18572, 18573, 18574, 18575, 18580, 18581, 18584, 18585, 18586, 18587,
18590, 18591, 18592, 18594, 18595, 18597, 18598, 18599, 18600, 18601,
18604, 18608, 18610, 18611, 18612, 18613, 18617, 18619, 18620, 18621,
18622, 18624, 18625, 18626, 18627, 18628, 18631, 18632, 18634, 18636,
18637, 18639, 18640, 18641, 18642, 18644, 18645, 18646, 18648, 18652,
18654, 18655, 18656, 18657, 18658, 18659, 18660, 18661, 18663, 18664,
18666, 18667, 18669, 18670, 18671, 18672, 18673, 18675, 18676, 18677,
18680, 18681, 18683, 18685, 18686, 18688, 18689, 18690, 18691, 18693,
18694, 18695, 18697, 18698, 18699, 18700, 18701, 18702, 18704, 18705,
18707, 18709, 18710, 18711, 18713, 18716, 18717, 18719, 18720, 18721,
18723, 18727, 18730, 18731, 18734, 18736, 18738, 18740, 18741, 18742,
18745, 18746, 18748, 18749, 18751, 18752, 18753, 18755, 18756, 18757,
18759, 18760, 18762, 18763, 18764, 18765, 18766, 18767, 18770, 18771,
18772, 18773, 18774, 18775, 18777, 18779, 18781, 18782, 18785, 18786,
18787, 18788, 18789, 18790, 18791, 18793, 18795, 18796, 18797, 18800,
18801, 18803, 18804, 18805, 18806, 18807, 18810, 18811, 18812, 18813,
18815, 18817, 18819, 18820, 18821, 18823, 18824, 18826, 18827, 18828,
18829, 18830, 18831, 18833, 18835, 18836, 18839, 18840, 18842, 18844,
18847, 18848, 18851, 18854, 18855, 18858, 18859, 18860, 18862, 18863,
18865, 18866, 18867, 18868, 18869, 18870, 18872, 18874, 18876, 18877,
18879, 18880, 18882, 18883, 18884, 18885, 18887, 18889, 18890, 18892,
18893, 18894, 18895, 18897, 18898, 18899, 18901, 18903, 18904, 18905,
18907, 18908, 18910, 18911, 18912, 18913, 18914, 18915, 18918, 18922,
18929, 18936, 18940, 18941, 18942, 18943, 18946, 18947, 18950, 18951,
18952, 18953, 18954, 18955, 18956, 18957, 18959, 18960, 18962, 18964,
18965, 18966, 18967, 18969, 18970, 18971, 18972, 18974, 18976, 18978,
18979, 18981, 18982, 18985, 18987, 18988, 18990, 18991, 18992, 18995,
18996, 18997, 18998, 18999, 19000, 19002, 19003, 19005, 19006, 19007,
19009, 19010, 19013, 19015, 19017, 19019, 19020, 19021, 19023, 19024,
19026, 19027, 19029, 19032, 19033, 19035, 19036, 19038, 19040, 19041,
19042, 19044, 19045, 19047, 19048, 19049, 19050, 19051, 19052, 19053,
19054, 19055, 19056, 19058, 19059, 19060, 19069, 19070, 19071, 19072,
19073, 19075, 19076, 19077, 19078, 19080, 19081, 19083, 19084, 19086,
19087, 19088, 19091, 19092, 19093, 19094, 19095, 19096, 19098, 19099,
19101, 19103, 19104, 19108, 19112, 19114, 19115, 19119, 19121, 19122,
19123, 19124, 19125, 19126, 19127, 19128, 19129, 19132, 19133, 19136,
19137, 19138, 19139, 19140, 19141, 19142, 19143, 19144, 19145, 19146,
19147, 19149, 19150, 19151, 19152, 19153, 19157, 19158, 19159, 19162,
19163, 19166, 19167, 19168, 19169, 19170, 19171, 19172, 19173, 19174,
19178, 19179, 19180, 19183, 19184, 19187, 19188, 19189, 19190, 19191,
19192, 19193, 19194, 19195, 19196, 19197, 19198, 19199, 19200, 19201,
19202, 19207, 19208, 19210, 19211, 19215, 19216, 19217, 19221, 19222,
19223, 19226, 19229, 19231, 19233, 19235, 19237, 19238, 19239, 19240,
19241, 19242, 19244, 19246, 19248, 19250, 19251, 19253, 19255, 19256,
19257, 19258, 19260, 19261, 19262, 19263, 19264, 19265, 19266, 19267,
19271, 19272, 19273, 19274, 19276, 19277, 19278, 19280, 19282, 19283,
19284, 19285, 19287, 19289, 19290, 19291, 19292, 19293, 19294, 19298,
19299, 19300, 19301, 19302, 19303, 19305, 19307, 19308, 19309, 19311,
19313, 19314, 19316, 19318, 19319, 19320, 19321, 19323, 19325, 19326,
19327, 19328, 19332, 19334, 19335, 19336, 19337, 19342, 19344, 19345,
19346, 19349, 19351, 19352, 19354, 19355, 19356, 19359, 19360, 19361,
19362, 19363, 19364, 19365, 19367, 19369, 19371, 19372, 19374, 19375,
19377, 19378, 19381, 19383, 19384, 19386, 19387, 19389, 19390, 19391,
19392, 19393, 19395, 19396, 19397, 19400, 19401, 19402, 19403, 19404,
19405, 19406, 19408, 19410, 19411, 19413, 19415, 19417, 19418, 19420,
19421, 19424, 19426, 19427, 19429, 19430, 19431, 19433, 19434, 19435,
19436, 19438, 19439, 19440, 19443, 19444, 19447, 19448, 19449, 19450,
19451, 19452, 19453, 19454, 19456, 19458, 19459, 19460, 19461, 19463,
19465, 19466, 19467, 19469, 19473, 19480, 19487, 19488, 19489, 19492,
19493, 19494, 19495, 19496, 19497, 19498, 19499, 19500, 19503, 19504,
19507, 19508, 19509, 19513, 19514, 19515, 19519, 19520, 19521, 19522,
19523, 19524, 19525, 19526, 19528, 19533, 19534, 19535, 19536, 19537,
19538, 19542, 19543, 19544, 19546, 19547, 19548, 19549, 19550, 19551,
19552, 19553, 19556, 19557, 19560, 19561, 19562, 19563, 19564, 19565,
19566, 19567, 19570, 19571, 19573, 19576, 19577, 19581, 19582, 19583,
19584, 19585, 19586, 19588, 19589, 19591, 19592, 19593, 19594, 19595,
19596, 19597, 19601, 19602, 19603, 19607, 19608, 19611, 19612, 19613,
19614, 19615, 19616, 19617, 19618, 19619, 19622, 19623, 19624, 19625,
19626, 19628, 19629, 19630, 19631, 19632, 19633, 19636, 19639, 19640,
19641, 19642, 19643, 19644, 19645, 19646, 19647, 19648, 19651, 19654,
19655, 19656, 19657, 19658, 19665, 19668, 19669, 19671, 19672, 19673,
19674, 19675, 19676, 19680, 19681, 19682, 19683, 19685, 19687, 19689,
19692, 19694, 19695, 19696, 19697, 19698, 19700, 19701, 19702, 19703,
19705, 19706, 19707, 19710, 19711, 19712, 19714, 19715, 19717, 19718,
19719, 19720, 19722, 19723, 19724, 19726, 19727, 19728, 19729, 19730,
19731, 19734, 19735, 19736, 19737, 19739, 19741, 19743, 19744, 19747,
19749, 19751, 19753, 19754, 19755, 19757, 19758, 19760, 19761, 19762,
19764, 19765, 19767, 19768, 19769, 19770, 19773, 19774, 19777, 19778,
19779, 19780, 19781, 19782, 19783, 19784, 19785, 19786, 19787, 19788,
19790, 19792, 19793, 19794, 19796, 19798, 19799, 19802, 19803, 19804,
19808, 19809, 19810, 19814, 19815, 19816, 19817, 19818, 19819, 19820,
19821, 19822, 19823, 19826, 19829, 19830, 19831, 19832, 19834, 19838,
19845, 19852, 19853, 19854, 19855, 19856, 19857, 19858, 19859, 19860,
19861, 19862, 19865, 19872, 19873, 19875, 19876, 19877, 19878, 19880,
19882, 19883, 19884, 19885, 19886, 19887, 19889, 19890, 19892, 19896,
19897, 19898, 19899, 19901, 19903, 19905, 19906, 19907, 19908, 19909,
19910, 19911, 19913, 19914, 19916, 19918, 19919, 19921, 19922, 19923,
19924, 19925, 19926, 19928, 19929, 19931, 19933, 19934, 19935, 19938,
19939, 19940, 19942, 19943, 19945, 19946, 19947, 19948, 19949, 19950,
19953, 19956, 19957, 19959, 19960, 19962, 19964, 19965, 19966, 19968,
19969, 19971, 19972, 19973, 19976, 19977, 19978, 19979, 19980, 19981,
19982, 19983, 19984, 19985, 19986, 19987, 19992, 19993, 19994, 19996,
19998, 19999, 20000, 20001, 20003, 20005, 20006, 20007, 20008, 20009,
20010, 20011, 20013, 20018, 20019, 20020, 20021, 20022, 20023, 20027,
20028, 20029, 20030, 20031, 20032, 20033, 20036, 20039, 20040, 20041,
20042, 20043, 20044, 20045, 20046, 20047, 20048, 20049, 20050, 20051,
20052, 20055, 20062, 20064, 20068, 20075, 20082, 20084, 20085, 20088,
20089, 20090, 20091, 20092, 20093, 20094, 20095, 20096, 20097, 20098,
20099, 20100, 20101, 20102, 20103, 20105, 20107, 20109, 20112, 20114,
20115, 20116, 20117, 20118, 20119, 20121, 20124, 20125, 20127, 20130,
20131, 20132, 20133, 20134, 20136, 20138, 20141, 20144, 20145, 20147,
20148, 20150, 20152, 20154, 20155, 20156, 20157, 20160, 20164, 20166,
20167, 20168, 20169, 20172, 20173, 20175, 20176, 20177, 20179, 20183,
20186, 20187, 20189, 20191, 20192, 20195, 20196, 20198, 20200, 20203,
20204, 20207, 20209, 20210, 20211, 20212, 20213, 20214, 20215, 20216,
20217, 20219, 20220, 20221, 20224, 20225, 20226, 20227, 20229, 20230,
20232, 20234, 20235, 20239, 20241, 20242, 20246, 20247, 20248, 20252,
20253, 20254, 20257, 20259, 20263, 20265, 20266, 20267, 20268, 20273,
20275, 20276, 20277, 20279, 20280, 20282, 20283, 20284, 20285, 20286,
20287, 20288, 20289, 20292, 20293, 20294, 20301, 20304, 20305, 20307,
20308, 20309, 20310, 20311, 20312, 20314, 20316, 20317, 20318, 20319,
20321, 20323, 20324, 20325, 20326, 20327, 20328, 20330, 20331, 20334,
20335, 20336, 20337, 20338, 20339, 20340, 20341, 20342, 20343